7.853981633974482790e-01
2.356194490192344837e+00
3.926990816987241395e+00
5.497787143782137953e+00
3.926990816987241395e-01
1.178097245096172418e+00
1.963495408493620697e+00
2.748893571891068976e+00
3.534291735288517255e+00
4.319689898685965090e+00
5.105088062083414258e+00
5.890486225480861648e+00
2.617993877991494078e-01
7.853981633974482790e-01
1.308996938995747206e+00
1.832595714594045910e+00
2.356194490192344837e+00
2.879793265790643542e+00
3.403392041388942690e+00
3.926990816987240951e+00
4.450589592585540544e+00
4.974188368183838804e+00
5.497787143782137953e+00
6.021385919380436214e+00
1.963495408493620697e-01
5.890486225480862092e-01
9.817477042468102377e-01
1.374446785945534488e+00
1.767145867644258406e+00
2.159844949342982545e+00
2.552544031041707129e+00
2.945243112740430380e+00
3.337942194439155408e+00
3.730641276137879103e+00
4.123340357836603687e+00
4.516039439535327382e+00
4.908738521234051078e+00
5.301437602932775661e+00
5.694136684631499357e+00
6.086835766330223052e+00
0.000000000000000000e+00
3.926990816987241395e-01
7.853981633974482790e-01
1.178097245096172418e+00
1.570796326794896558e+00
1.963495408493620475e+00
2.356194490192344837e+00
2.748893571891068976e+00
3.141592653589793116e+00
3.534291735288516811e+00
3.926990816987240951e+00
4.319689898685965090e+00
4.712388980384689674e+00
5.105088062083414258e+00
5.497787143782137953e+00
5.890486225480860760e+00
1.963495408493620697e-01
5.890486225480862092e-01
9.817477042468102377e-01
1.374446785945534488e+00
1.767145867644258406e+00
2.159844949342982545e+00
2.552544031041707129e+00
2.945243112740430380e+00
3.337942194439155408e+00
3.730641276137879103e+00
4.123340357836603687e+00
4.516039439535327382e+00
4.908738521234051078e+00
5.301437602932775661e+00
5.694136684631499357e+00
6.086835766330223052e+00
0.000000000000000000e+00
3.926990816987241395e-01
7.853981633974482790e-01
1.178097245096172418e+00
1.570796326794896558e+00
1.963495408493620475e+00
2.356194490192344837e+00
2.748893571891068976e+00
3.141592653589793116e+00
3.534291735288516811e+00
3.926990816987240951e+00
4.319689898685965090e+00
4.712388980384689674e+00
5.105088062083414258e+00
5.497787143782137953e+00
5.890486225480860760e+00
1.963495408493620697e-01
5.890486225480862092e-01
9.817477042468102377e-01
1.374446785945534488e+00
1.767145867644258406e+00
2.159844949342982545e+00
2.552544031041707129e+00
2.945243112740430380e+00
3.337942194439155408e+00
3.730641276137879103e+00
4.123340357836603687e+00
4.516039439535327382e+00
4.908738521234051078e+00
5.301437602932775661e+00
5.694136684631499357e+00
6.086835766330223052e+00
0.000000000000000000e+00
3.926990816987241395e-01
7.853981633974482790e-01
1.178097245096172418e+00
1.570796326794896558e+00
1.963495408493620475e+00
2.356194490192344837e+00
2.748893571891068976e+00
3.141592653589793116e+00
3.534291735288516811e+00
3.926990816987240951e+00
4.319689898685965090e+00
4.712388980384689674e+00
5.105088062083414258e+00
5.497787143782137953e+00
5.890486225480860760e+00
1.963495408493620697e-01
5.890486225480862092e-01
9.817477042468102377e-01
1.374446785945534488e+00
1.767145867644258406e+00
2.159844949342982545e+00
2.552544031041707129e+00
2.945243112740430380e+00
3.337942194439155408e+00
3.730641276137879103e+00
4.123340357836603687e+00
4.516039439535327382e+00
4.908738521234051078e+00
5.301437602932775661e+00
5.694136684631499357e+00
6.086835766330223052e+00
0.000000000000000000e+00
3.926990816987241395e-01
7.853981633974482790e-01
1.178097245096172418e+00
1.570796326794896558e+00
1.963495408493620475e+00
2.356194490192344837e+00
2.748893571891068976e+00
3.141592653589793116e+00
3.534291735288516811e+00
3.926990816987240951e+00
4.319689898685965090e+00
4.712388980384689674e+00
5.105088062083414258e+00
5.497787143782137953e+00
5.890486225480860760e+00
1.963495408493620697e-01
5.890486225480862092e-01
9.817477042468102377e-01
1.374446785945534488e+00
1.767145867644258406e+00
2.159844949342982545e+00
2.552544031041707129e+00
2.945243112740430380e+00
3.337942194439155408e+00
3.730641276137879103e+00
4.123340357836603687e+00
4.516039439535327382e+00
4.908738521234051078e+00
5.301437602932775661e+00
5.694136684631499357e+00
6.086835766330223052e+00
2.617993877991494078e-01
7.853981633974482790e-01
1.308996938995747206e+00
1.832595714594045910e+00
2.356194490192344837e+00
2.879793265790643542e+00
3.403392041388942690e+00
3.926990816987240951e+00
4.450589592585540544e+00
4.974188368183838804e+00
5.497787143782137953e+00
6.021385919380436214e+00
3.926990816987241395e-01
1.178097245096172418e+00
1.963495408493620697e+00
2.748893571891068976e+00
3.534291735288517255e+00
4.319689898685965090e+00
5.105088062083414258e+00
5.890486225480861648e+00
7.853981633974482790e-01
2.356194490192344837e+00
3.926990816987241395e+00
5.497787143782137953e+00
