2.044801989685349763e-01
2.044801989685349763e-01
2.044801989685349763e-01
2.044801989685349763e-01
4.111378623223477802e-01
4.111378623223477802e-01
4.111378623223477802e-01
4.111378623223477802e-01
4.111378623223477802e-01
4.111378623223477802e-01
4.111378623223477802e-01
4.111378623223477802e-01
6.223684885550205825e-01
6.223684885550205825e-01
6.223684885550205825e-01
6.223684885550205825e-01
6.223684885550205825e-01
6.223684885550205825e-01
6.223684885550205825e-01
6.223684885550205825e-01
6.223684885550205825e-01
6.223684885550205825e-01
6.223684885550205825e-01
6.223684885550205825e-01
8.410686705679303321e-01
8.410686705679303321e-01
8.410686705679303321e-01
8.410686705679303321e-01
8.410686705679303321e-01
8.410686705679303321e-01
8.410686705679303321e-01
8.410686705679303321e-01
8.410686705679303321e-01
8.410686705679303321e-01
8.410686705679303321e-01
8.410686705679303321e-01
8.410686705679303321e-01
8.410686705679303321e-01
8.410686705679303321e-01
8.410686705679303321e-01
1.047197551196597631e+00
1.047197551196597631e+00
1.047197551196597631e+00
1.047197551196597631e+00
1.047197551196597631e+00
1.047197551196597631e+00
1.047197551196597631e+00
1.047197551196597631e+00
1.047197551196597631e+00
1.047197551196597631e+00
1.047197551196597631e+00
1.047197551196597631e+00
1.047197551196597631e+00
1.047197551196597631e+00
1.047197551196597631e+00
1.047197551196597631e+00
1.230959417340774742e+00
1.230959417340774742e+00
1.230959417340774742e+00
1.230959417340774742e+00
1.230959417340774742e+00
1.230959417340774742e+00
1.230959417340774742e+00
1.230959417340774742e+00
1.230959417340774742e+00
1.230959417340774742e+00
1.230959417340774742e+00
1.230959417340774742e+00
1.230959417340774742e+00
1.230959417340774742e+00
1.230959417340774742e+00
1.230959417340774742e+00
1.403348247575207264e+00
1.403348247575207264e+00
1.403348247575207264e+00
1.403348247575207264e+00
1.403348247575207264e+00
1.403348247575207264e+00
1.403348247575207264e+00
1.403348247575207264e+00
1.403348247575207264e+00
1.403348247575207264e+00
1.403348247575207264e+00
1.403348247575207264e+00
1.403348247575207264e+00
1.403348247575207264e+00
1.403348247575207264e+00
1.403348247575207264e+00
1.570796326794896558e+00
1.570796326794896558e+00
1.570796326794896558e+00
1.570796326794896558e+00
1.570796326794896558e+00
1.570796326794896558e+00
1.570796326794896558e+00
1.570796326794896558e+00
1.570796326794896558e+00
1.570796326794896558e+00
1.570796326794896558e+00
1.570796326794896558e+00
1.570796326794896558e+00
1.570796326794896558e+00
1.570796326794896558e+00
1.570796326794896558e+00
1.738244406014585852e+00
1.738244406014585852e+00
1.738244406014585852e+00
1.738244406014585852e+00
1.738244406014585852e+00
1.738244406014585852e+00
1.738244406014585852e+00
1.738244406014585852e+00
1.738244406014585852e+00
1.738244406014585852e+00
1.738244406014585852e+00
1.738244406014585852e+00
1.738244406014585852e+00
1.738244406014585852e+00
1.738244406014585852e+00
1.738244406014585852e+00
1.910633236249018374e+00
1.910633236249018374e+00
1.910633236249018374e+00
1.910633236249018374e+00
1.910633236249018374e+00
1.910633236249018374e+00
1.910633236249018374e+00
1.910633236249018374e+00
1.910633236249018374e+00
1.910633236249018374e+00
1.910633236249018374e+00
1.910633236249018374e+00
1.910633236249018374e+00
1.910633236249018374e+00
1.910633236249018374e+00
1.910633236249018374e+00
2.094395102393195707e+00
2.094395102393195707e+00
2.094395102393195707e+00
2.094395102393195707e+00
2.094395102393195707e+00
2.094395102393195707e+00
2.094395102393195707e+00
2.094395102393195707e+00
2.094395102393195707e+00
2.094395102393195707e+00
2.094395102393195707e+00
2.094395102393195707e+00
2.094395102393195707e+00
2.094395102393195707e+00
2.094395102393195707e+00
2.094395102393195707e+00
2.300523983021863117e+00
2.300523983021863117e+00
2.300523983021863117e+00
2.300523983021863117e+00
2.300523983021863117e+00
2.300523983021863117e+00
2.300523983021863117e+00
2.300523983021863117e+00
2.300523983021863117e+00
2.300523983021863117e+00
2.300523983021863117e+00
2.300523983021863117e+00
2.300523983021863117e+00
2.300523983021863117e+00
2.300523983021863117e+00
2.300523983021863117e+00
2.519224165034772422e+00
2.519224165034772422e+00
2.519224165034772422e+00
2.519224165034772422e+00
2.519224165034772422e+00
2.519224165034772422e+00
2.519224165034772422e+00
2.519224165034772422e+00
2.519224165034772422e+00
2.519224165034772422e+00
2.519224165034772422e+00
2.519224165034772422e+00
2.730454791267445280e+00
2.730454791267445280e+00
2.730454791267445280e+00
2.730454791267445280e+00
2.730454791267445280e+00
2.730454791267445280e+00
2.730454791267445280e+00
2.730454791267445280e+00
2.937112454621258362e+00
2.937112454621258362e+00
2.937112454621258362e+00
2.937112454621258362e+00
